5,2,4,5,9
